church -a "1,1,1,0;1,0,1,0;1,0,1,1;1,1,0,1;0,1,1,1|1,1,0,0;0,1,1,0;0,0,0,1;0,0,0,0" independent_cue.church
church -a "1,1,1,0;1,0,1,0;1,0,1,1;1,1,0,1;0,1,1,1|1,1,0,0;0,1,1,0;0,0,0,1;0,0,0,0" context_theory.church

0,1,1,1;1,0,1,0;1,0,1,1;1,1,0,1;1,1,1,0|0,0,0,0;0,0,0,1;0,1,1,0;1,1,0,0

church -a "1,1,1,0;1,0,1,0;1,0,1,1;1,1,0,1;0,1,1,1|1,1,0,0;0,1,1,0;0,0,0,1;0,0,0,0|0,0,1,0;0,0,1,1;0,1,0,0;0,1,0,1;1,0,0,0;1,0,0,1;1,1,1,1" independent_cue.church
church -a "1,1,1,0;1,0,1,0;1,0,1,1;1,1,0,1;0,1,1,1|1,1,0,0;0,1,1,0;0,0,0,1;0,0,0,0|0,0,1,0;0,0,1,1;0,1,0,0;0,1,0,1;1,0,0,0;1,0,0,1;1,1,1,1" context_theory.church

14 10 11 13 7 | 12 6 1 0 | 2 3 4 5 8 9 16

['0011', '0111', '1011', '1101', '1110'], ['0000', '0001', '0110', '1010']
3 7 11 13 14 | 0 1 6 10 | 2 4 5 8 9 12 16

church -a "0,0,1,1;0,1,1,1;1,0,1,1;1,1,0,1;1,1,1,0|0,0,0,0;0,0,0,1;0,1,1,0;1,0,1,0|0,0,1,0;0,1,0,0;0,1,0,1;1,0,0,0;1,0,0,1;1,1,0,0;1,1,1,1" independent_cue.church
church -a "0,0,1,1;0,1,1,1;1,0,1,1;1,1,0,1;1,1,1,0|0,0,0,0;0,0,0,1;0,1,1,0;1,0,1,0|0,0,1,0;0,1,0,0;0,1,0,1;1,0,0,0;1,0,0,1;1,1,0,0;1,1,1,1" context_theory.church


