# mturk
0,0,0,1|0.8837
0,0,1,1|0.8837
1,1,0,0|0.8604
1,1,1,0|0.9069
1,1,1,1|0.9302
0,1,0,0|0.0697
0,1,1,0|0.0465
1,0,0,0|0.1162
1,0,1,0|0.2325
0,0,0,0|0.4651
0,0,1,0|0.5348
0,1,0,1|0.4186
0,1,1,1|0.4418
1,0,0,1|0.5116
1,0,1,1|0.3953
1,1,0,1|0.8372

# independent cue (uniform prior)
0.6744
0.7050
0.5095
0.5463
0.7612
0.4723
0.5091
0.4734
0.5101
0.3996
0.4578
0.7647
0.7925
0.7646
0.7923
0.7926

# context theory (uniform prior)
0.7413
0.7538
0.5812
0.6114
0.7769
0.3714
0.3936
0.3708
0.3931
0.4346
0.4452
0.6046
0.6457
0.6043
0.6459
0.7198

# independent cue (learn)
0.7508
0.7810
0.4396
0.4947
0.8321
0.3834
0.4356
0.3850
0.4372
0.3644
0.4232
0.8220
0.8419
0.8231
0.8428
0.8434

# context theory (learn)
0.8801
0.8834
0.7212
0.7391
0.8939
0.2234
0.2365
0.2197
0.2323
0.4852
0.4884
0.5167
0.5584
0.5190
0.5586
0.8509

